0 0 25 0
1 3 25 0
2 13 25 0
3 23 25 0
4 33 25 0
5 43 25 0
6 53 25 0
7 63 25 0
8 73 25 0
9 83 25 0
10 97 25 0
11 111 25 0
12 121 25 0
13 131 25 0
14 141 25 0
15 151 25 0
16 161 25 0
17 171 25 0
18 181 25 0
19 191 25 0
20 201 25 0
21 207 25 0
22 213 25 0
23 223 25 0
24 233 25 0
25 243 25 0
26 253 25 0
27 263 25 0
28 273 25 0
29 283 25 0
30 293 25 0
31 303 25 0
32 317 25 0
33 331 25 0
34 341 25 0
35 351 25 0
36 361 25 0
37 371 25 0
38 381 25 0
39 391 25 0
40 401 25 0
41 411 25 0
42 414 25 0
43 97 -10 0
44 97 70 0
45 97 71.2 0
46 97 72.2 0
47 97 73.2 0
48 97 74.2 0
49 97 76.2 0
50 97 78.2 0
51 97 80.2 0
52 97 82.2 0
53 97 84.2 0
54 97 90 0
55 317 -10 0
56 317 70 0
57 317 71.2 0
58 317 72.2 0
59 317 73.2 0
60 317 74.2 0
61 317 76.2 0
62 317 78.2 0
63 317 80.2 0
64 317 82.2 0
65 317 84.2 0
66 317 90 0