*Node,16
1 0 0 0
2 4 0 0
3 8 0 0
4 12 0 0
5 16 0 0 
6 20 0 0
7 24 0 0
8 28 0 0
9 32 0 0
10 4 5 0
11 8 5 0
12 12 5 0
13 16 5 0
14 20 5 0
15 24 5 0
16 28 5 0



*Element_Beam3D,29
1 2 10 
2 10 3 
3 3 11 
4 11 4 
5 4 12 
6 4 13 
7 5 13 
8 13 6 
9 6 14 
10 6 15 
11 7 15 
12 7 16 
13 8 16 
14 1 2 
15 2 3 
16 3 4 
17 4 5 
18 5 6 
19 6 7 
20 7 8 
21 8 9 
22 10 11 
23 11 12 
24 12 13 
25 13 14 
26 14 15 
27 15 16 
28 1 10 
29 16 9 

*Material,1
1 2.1e11 0.3 0


*Section_Beam3D,3
1 1 3.141593e-2 7.853982e-5 7.853982e-5
2 1 3.141593e-2 7.853982e-5 7.853982e-5
3 1 3.141593e-2 7.853982e-5 7.853982e-5

*Section_Assign,29
1 2
2 2
3 2
4 2
5 2
6 2
7 2
8 2
9 2
10 2
11 2
12 2
13 2
14 3
15 3
16 3
17 3
18 3
19 3
20 3
21 3
22 3
23 3
24 3
25 3
26 3
27 3
28 3
29 3

*Constraint,6
1 1 0 0.0
2 1 1 0.0
3 1 5 0.0
4 9 0 0.0 
5 9 1 0.0 
6 9 5 0.0


*Force_Node_Function,3
1 4 1 -5000
2 5 1 -10000
3 6 1 -5000