*Node,71
1	100.000000	90.000000	0 
2	100.000000	86.300000	0 
3	100.000000	85.100000	0
4	100.000000	83.600000	0
5	100.000000	82.100000	0
6	100.000000	80.600000	0
7	100.000000	78.600000	0
8	100.000000	76.600000	0
9	100.000000	74.600000	0
10	100.000000	72.300000	0
11	100.000000	70.000000	0
12	320.000000	90.000000	0
13	320.000000	86.300000	0
14	320.000000	85.100000	0
15	320.000000	83.600000	0
16	320.000000	82.100000	0
17	320.000000	80.600000	0
18	320.000000	78.600000	0
19	320.000000	76.600000	0
20	320.000000	74.600000	0
21	320.000000	72.300000	0
22	320.000000	70.000000	0
23	0.000000	25.000000	0
24	3.000000	25.000000	0
25	6.000000	25.000000	0
26	16.000000	25.000000	0
27	26.000000	25.000000	0
28	36.000000	25.000000	0
29	46.000000	25.000000	0
30	56.000000	25.000000	0
31	66.000000	25.000000	0
32	76.000000	25.000000	0
33	86.000000	25.000000	0
34	100.000000	25.000000	0
35	100.000000	25.000000	0
36	114.000000	25.000000	0
37	124.000000	25.000000	0
38	134.000000	25.000000	0
39	144.000000	25.000000	0
40	154.000000	25.000000	0
41	164.000000	25.000000	0
42	174.000000	25.000000	0
43	184.000000	25.000000	0
44	194.000000	25.000000	0
45	204.000000	25.000000	0
46	210.000000	25.000000	0
47	216.000000	25.000000	0
48	226.000000	25.000000	0
49	236.000000	25.000000	0
50	246.000000	25.000000	0
51	256.000000	25.000000	0
52	266.000000	25.000000	0
53	276.000000	25.000000	0
54	286.000000	25.000000	0
55	296.000000	25.000000	0
56	306.000000	25.000000	0
57	320.000000	25.000000	0
58	320.000000	25.000000	0
59	334.000000	25.000000	0
60	344.000000	25.000000	0
61	354.000000	25.000000	0
62	364.000000	25.000000	0
63	374.000000	25.000000	0
64	384.000000	25.000000	0
65	394.000000	25.000000	0
66	404.000000	25.000000	0
67	414.000000	25.000000	0
68	417.000000	25.000000	0
69	420.000000	25.000000	0
70	100.000000	0.000000	0
71	320.000000	0.000000	0

*Element_Truss3D,40
1  24	2
2  25	3
3  26	4
4  27	5
5  28	6
6  29	7
7  30	8
8  31	9
9  32	10
10  33	11
11  36	11
12  37	10
13  38	9
14  39	8
15  40	7
16  41	6
17  42	5
18  43	4
19  44	3
20  45	2
21  47	13
22  48	14
23  49	15
24  50	16
25  51	17
26  52	18
27  53	19
28  54	20
29  55	21
30  56	22
31  59	22
32  60	21
33  61	20
34  62	19
35  63	18
36  64	17
37  65	16
38  66	15
39  67	14
40  68       13

*Element_Beam3D,66
41	23	24
42	24	25
43	25	26
44	26	27
45	27	28
46	28	29
47	29	30
48	30	31
49	31	32
50	32	33
51	33	34
52	35	36
53	36	37
54	37	38
55	38	39
56	39	40
57	40	41
58	41	42
59	42	43
60	43	44
61	44	45
62	45	46
63	46	47
64	47	48
65	48	49
66	49	50
67	50	51
68	51	52
69	52	53
70	53	54
71	54	55
72	55	56
73	56	57
74	58	59
75	59	60
76	60	61
77	61	62
78	62	63
79	63	64
80	64	65
81	65	66
82	66	67
83	67	68
84	68	69
85	1	2
86	2	3
87	3	4
88	4	5
89	5	6
90	6	7
91	7	8
92	8	9
93	9	10
94	10	11
95	11	70
96	12	13
97	13	14
98	14	15
99	15	16
100	16	17
101	17	18
102	18	19
103	19	20
104	20	21
105	21	22
106	22	71


*Material,2
1 3.6e10 0.2 0
2 2.1e11 0.3 0

*Section_Beam3D,1
1 1 3.1 3.008 1.086

*Section_Truss3D,1
2 2 0.01708


*Section_Assign,106
1   2
2   2
3   2
4   2
5   2
6   2
7   2
8   2
9   2
10  2
11  2
12  2
13  2
14  2
15  2
16  2
17  2
18  2
19  2
20  2
21  2
22  2
23  2
24  2
25  2
26  2
27  2
28  2
29  2
30  2
31  2
32  2
33  2
34  2
35  2
36  2
37  2
38  2
39  2
40  2
41	1
42	1
43	1
44	1
45	1
46	1
47	1
48	1
49	1
50	1
51	1
52	1
53	1
54	1
55	1
56	1
57	1
58	1
59	1
60	1
61	1
62	1
63	1
64	1
65	1
66	1
67	1
68	1
69	1
70	1
71	1
72	1
73	1
74	1
75	1
76	1
77	1
78	1
79	1
80	1
81	1
82	1
83	1
84	1
85	1
86	1
87	1
88	1
89	1
90	1
91	1
92	1
93	1
94	1
95	1
96	1
97	1
98	1
99	1
100 1
101 1
102 1
103 1
104 1
105 1
106 1

*Constraint,36
1 23 0       0.0
2 23 1       0.0
3 23 2       0.0
4 23 3       0.0
5 23 4       0.0
6 23 5       0.0
7  69  0     0.0
8  69  1     0.0
9  69  2     0.0
10 69  3     0.0
11 69  4     0.0
12 69  5     0.0
13  70  0    0.0
14  70  1    0.0
15  70  2    0.0
16  70  3    0.0
17  70  4    0.0
18  70  5    0.0
19  71  0    0.0
20  71  1    0.0
21  71  2    0.0
22  71  3    0.0
23  71  4    0.0
24  71  5    0.0
25  34  0    0.0
26  34  1    0.0
27  34  2    0.0
28   35  0   0.0
29   35  1   0.0
30   35  2   0.0
31    57  0  0.0
32    57  1  0.0
33    57  2  0.0
34   58  0   0.0
35   58  1   0.0
36   58  2   0.0

*Optimisation 41
1  24	1
2  25	1
3  26	1
4  27	1
5  28	1
6  29	1
7  30	1
8  31	1
9  32	1
10 33	1
11 36	1
12 37	1
13 38	1
14 39	1
15 40	1
16 41	1
17 42	1
18 43	1
19 44	1
20 45	1
21 46	1
22 47	1
23 48	1
24 49	1
25 50	1
26 51	1
27 52	1
28 53	1
29 54	1
30 55	1
31 56	1
32 59	1
33 60	1
34 61	1
35 62	1
36 63	1
37 64	1
38 65	1
39 66	1
40 67	1
41 68	1

*Internal_Variable 40
1  1  1 1 0
2  2  1 1 0
3  3  1 1 0
4  4  1 1 0
5  5   1 1 0
6  6   1 1 0
7  7   1 1 0
8  8   1 1 0
9  9   1 1 0
10 10  1 1 0
11 11  1 1 0
12 12  1 1 0
13 13  1 1 0
14 14  1 1 0
15 15  1 1 0
16 16  1 1 0
17 17  1 1 0
18 18  1 1 0
19 19  1 1 0
20 20  1 1 0
21 21  1 1 0
22 22  1 1 0
23 23  1 1 0
24 24  1 1 0
25 25  1 1 0
26 26  1 1 0
27 27  1 1 0
28 28  1 1 0
29 29  1 1 0
30 30  1 1 0
31 31  1 1 0
32 32  1 1 0
33 33  1 1 0
34 34  1 1 0
35 35  1 1 0
36 36  1 1 0
37 37  1 1 0
38 38  1 1 0
39 39  1 1 0
40 40  1 1 0