*Node,9
1 0 0 0
2 10 0 0
3 15 0 0
4 20 0 0
5 25 0 0
6 30 0 0
7 40 0 0
8 20 -5 0
9 20 10 0


*Element_Beam3D,8
1 1 2
2 2 3
3 3 4
4 4 5
5 5 6
6 6 7
7 4 8
8 4 9


*Element_Truss3D,4
9 2 9
10 3 9
11 5 9
12 6 9

*Material,2
1 3.6e10 0.2 0
2 2.1e11 0.3 0

*Section_Beam3D,1
1 1 36.1 3.008 1.086

*Section_Truss3D,1
2 1 0.01708


*Section_Assign,12
1 1
2 1
3 1
4 1
5 1
6 1
7 1
8 1
9 2
10 2
11 2
12 2

*Constraint,21
1 1 0       0.0
2 1 1       0.0
3 1 2       0.0
4 1 3       0.0
5 1 4       0.0
6 1 5       0.0
7 7 0       0.0
8 7 1       0.0
9 7 2       0.0
10 7 3       0.0
11 7 4       0.0
12 7 5       0.0
13 8 0   0.0
14 8 1   0.0
15 8 2       0.0
16 8 3       0.0
17 8 4       0.0
18 8 5       0.0
19 4 0       0.0
20 4 1       0.0
21 4 2       0.0

*Optimisation 4
1 2 1
2 3 1
3 5 1
4 6 1